camera_matrix:
- - 736.4261542940338
  - 0.0
  - 1123.259594412597
- - 0.0
  - 737.7581998658493
  - 663.4287810115663
- - 0.0
  - 0.0
  - 1.0
dist_coeff:
- - -0.1520277495312811
  - 0.020804651968381303
  - 0.00040444001297063216
  - 0.003375327136170165
  - -0.001165676754132446
newcameramatrix:
- - 188.32656860351562
  - 0.0
  - 1546.0815716392244
- - 0.0
  - 341.6875305175781
  - 553.4232535302253
- - 0.0
  - 0.0
  - 1.0
